42.053133046750865 -12.4 -1.4672001756997304 0 1 0 0 3 3 3 NONE
172.8058983524707 -12.4 67.1569774481247 0 1 0 0 3 3 3 NONE
176.34835369863896 -12.4 -32.45901670099309 0 1 0 0 3 3 3 NONE
191.85475748655253 -12.4 34.783974995739044 0 1 0 0 3 3 3 NONE
90.57627614736894 -12.4 74.79274336552831 0 1 0 0 3 3 3 NONE
96.36891033332677 -12.4 98.36655570353469 0 1 0 0 3 3 3 NONE
165.1490823434822 -12.4 89.82445976788796 0 1 0 0 3 3 3 NONE
153.95510589040242 -12.4 29.115836379331654 0 1 0 0 3 3 3 NONE
129.77330059386028 -12.4 -98.44292455049317 0 1 0 0 3 3 3 NONE
52.86872880859785 -12.4 -6.651151811755867 0 1 0 0 3 3 3 NONE
179.31094122248786 -12.4 13.364997983764056 0 1 0 0 3 3 3 NONE
21.32325834418747 -12.4 -54.31129615536789 0 1 0 0 3 3 3 NONE
47.96850626151408 -12.4 26.99600706323413 0 1 0 0 3 3 3 NONE
189.37631932821012 -12.4 29.037071994840915 0 1 0 0 3 3 3 NONE
150.47698943813484 -12.4 34.91130393843363 0 1 0 0 3 3 3 NONE
184.02572774318787 -12.4 60.05835095969127 0 1 0 0 3 3 3 NONE
114.36810545836411 -12.4 68.20757173926683 0 1 0 0 3 3 3 NONE
12.132671374844485 -12.4 -22.853735368353952 0 1 0 0 3 3 3 NONE
175.9913597366548 -12.4 99.99374313396342 0 1 0 0 3 3 3 NONE
191.84749894837455 -12.4 23.670475015178184 0 1 0 0 3 3 3 NONE
39.2896651533887 -12.4 61.75595308053434 0 1 0 0 3 3 3 NONE
123.84937776101499 -12.4 97.39176623637417 0 1 0 0 3 3 3 NONE
190.53616204070175 -12.4 -94.05994942234095 0 1 0 0 3 3 3 NONE
19.124451611132898 -12.4 5.178066614114371 0 1 0 0 3 3 3 NONE
61.94185500865061 -12.4 97.19195203951594 0 1 0 0 3 3 3 NONE
141.0191970823638 -12.4 -29.590514918350834 0 1 0 0 3 3 3 NONE
17.573969609755036 -12.4 79.9598203826973 0 1 0 0 3 3 3 NONE
62.41483122881313 -12.4 -25.407943691788844 0 1 0 0 3 3 3 NONE
190.52581613818052 -12.4 64.36743823137846 0 1 0 0 3 3 3 NONE
10.833869787617978 -12.4 -25.488207370862852 0 1 0 0 3 3 3 NONE
72.43027669138789 -12.4 30.603129731848753 0 1 0 0 3 3 3 NONE
172.12334358829693 -12.4 46.78211733974095 0 1 0 0 3 3 3 NONE
57.42648721854593 -12.4 -45.63507836388045 0 1 0 0 3 3 3 NONE
81.08765427481156 -12.4 10.018579932803746 0 1 0 0 3 3 3 NONE
37.363969645660625 -12.4 96.54338829974799 0 1 0 0 3 3 3 NONE
60.16749828278303 -12.4 -72.21506892970086 0 1 0 0 3 3 3 NONE
107.54594393149416 -12.4 -99.99686388135389 0 1 0 0 3 3 3 NONE
142.2082269753865 -12.4 30.76108556635998 0 1 0 0 3 3 3 NONE
142.64411179412127 -12.4 86.5444995691742 0 1 0 0 3 3 3 NONE
27.862149089970334 -12.4 12.52784850561784 0 1 0 0 3 3 3 NONE
0.6837194962058701 -12.4 -68.71372463048104 0 1 0 0 3 3 3 NONE
96.63417341871367 -12.4 -85.92381613675587 0 1 0 0 3 3 3 NONE
42.50864741124785 -12.4 -50.18460357188437 0 1 0 0 3 3 3 NONE
163.57579750842933 -12.4 34.85120816333003 0 1 0 0 3 3 3 NONE
175.55902474619074 -12.4 69.74360525792781 0 1 0 0 3 3 3 NONE
45.26378742521471 -12.4 54.43504588792959 0 1 0 0 3 3 3 NONE
195.8009698213972 -12.4 -60.207935014146166 0 1 0 0 3 3 3 NONE
123.54440986895263 -12.4 -66.20549085527507 0 1 0 0 3 3 3 NONE
84.84359528680554 -12.4 17.61064376411285 0 1 0 0 3 3 3 NONE
182.1078649760788 -12.4 69.2028101887033 0 1 0 0 3 3 3 NONE
75.9896144528881 -12.4 84.19873520503276 0 1 0 0 3 3 3 NONE
177.670205749729 -12.4 79.43650544664504 0 1 0 0 3 3 3 NONE
192.63182471288562 -12.4 37.79922090352602 0 1 0 0 3 3 3 NONE
161.682692639883 -12.4 34.72258135738679 0 1 0 0 3 3 3 NONE
154.66978370550459 -12.4 69.68456454529758 0 1 0 0 3 3 3 NONE
56.411707645774925 -12.4 -11.07061103162195 0 1 0 0 3 3 3 NONE
172.74224084251875 -12.4 -3.833414873954439 0 1 0 0 3 3 3 NONE
15.285765067987489 -12.4 -65.4995643508165 0 1 0 0 3 3 3 NONE
40.7411140783994 -12.4 -66.40828079635695 0 1 0 0 3 3 3 NONE
150.66308105672402 -12.4 30.595436291002187 0 1 0 0 3 3 3 NONE
77.522331141543 -12.4 38.54066412183508 0 1 0 0 3 3 3 NONE
40.94865545577451 -12.4 48.590396553328304 0 1 0 0 3 3 3 NONE
135.88458015717262 -12.4 5.862141293180073 0 1 0 0 3 3 3 NONE
174.14890509756404 -12.4 59.414064595401925 0 1 0 0 3 3 3 NONE
3.179348663613335 -12.4 34.382006102109415 0 1 0 0 3 3 3 NONE
24.530818121910446 -12.4 -73.08110262244377 0 1 0 0 3 3 3 NONE
78.6093117262959 -12.4 85.47869387509468 0 1 0 0 3 3 3 NONE
63.15718604500553 -12.4 -31.83655613557812 0 1 0 0 3 3 3 NONE
157.28821136161903 -12.4 -49.30286424743644 0 1 0 0 3 3 3 NONE
53.90155948076494 -12.4 95.3253114333342 0 1 0 0 3 3 3 NONE
69.48769075834502 -12.4 -47.19060438784746 0 1 0 0 3 3 3 NONE
93.8664673185966 -12.4 35.816905045473305 0 1 0 0 3 3 3 NONE
35.72791624514329 -12.4 -26.849596649670787 0 1 0 0 3 3 3 NONE
173.5713252508169 -12.4 -85.34550095191749 0 1 0 0 3 3 3 NONE
131.64259272820965 -12.4 83.13832291965988 0 1 0 0 3 3 3 NONE
105.94610100189239 -12.4 -0.7927472895361802 0 1 0 0 3 3 3 NONE
76.47481514429984 -12.4 47.58892731974643 0 1 0 0 3 3 3 NONE
78.21076430113169 -12.4 8.704323768586193 0 1 0 0 3 3 3 NONE
59.137595654476605 -12.4 -79.73727601817949 0 1 0 0 3 3 3 NONE
93.78136203634624 -12.4 -99.5331673111082 0 1 0 0 3 3 3 NONE
102.82506363172526 -12.4 3.110654554982318 0 1 0 0 3 3 3 NONE
120.35596036650782 -12.4 21.113391455641306 0 1 0 0 3 3 3 NONE
104.57569466588261 -12.4 16.775029858296733 0 1 0 0 3 3 3 NONE
132.94863778310392 -12.4 88.89419863001064 0 1 0 0 3 3 3 NONE
147.7526607842702 -12.4 93.52363180099496 0 1 0 0 3 3 3 NONE
141.38994390371116 -12.4 -68.92691299100895 0 1 0 0 3 3 3 NONE
152.62912353093895 -12.4 30.33126777848429 0 1 0 0 3 3 3 NONE
0.8484050104256236 -12.4 52.83565514479537 0 1 0 0 3 3 3 NONE
166.72555610511435 -12.4 34.70166073689492 0 1 0 0 3 3 3 NONE
94.8899160229345 -12.4 66.03857157269562 0 1 0 0 3 3 3 NONE
125.87283616695765 -12.4 -62.88979137611097 0 1 0 0 3 3 3 NONE
42.600273235640906 -12.4 -77.99005510224286 0 1 0 0 3 3 3 NONE
24.692618134081744 -12.4 -6.089274849307216 0 1 0 0 3 3 3 NONE
22.516616602345273 -12.4 89.96319323612471 0 1 0 0 3 3 3 NONE
197.86044405438662 -12.4 51.0846121173507 0 1 0 0 3 3 3 NONE
187.1131342989538 -12.4 94.00394995273487 0 1 0 0 3 3 3 NONE
135.67351581316242 -12.4 83.97123165543192 0 1 0 0 3 3 3 NONE
14.386005514528444 -12.4 4.901115940279837 0 1 0 0 3 3 3 NONE
139.22914113927882 -12.4 82.52816030104236 0 1 0 0 3 3 3 NONE
196.80187746174857 -12.4 93.31142812127885 0 1 0 0 3 3 3 NONE
86.2338713622294 -12.4 70.59543924883093 0 1 0 0 3 3 3 NONE
197.30167863525435 -12.4 90.37482063125032 0 1 0 0 3 3 3 NONE
158.2836739863622 -12.4 29.23001465047406 0 1 0 0 3 3 3 NONE
194.39601654388778 -12.4 64.97444195282668 0 1 0 0 3 3 3 NONE
44.10907151033905 -12.4 82.64092024690771 0 1 0 0 3 3 3 NONE
0.08928888560604253 -12.4 -2.634669320608481 0 1 0 0 3 3 3 NONE
180.26414767985065 -12.4 43.65520967900301 0 1 0 0 3 3 3 NONE
154.19493071592015 -12.4 42.83454129419158 0 1 0 0 3 3 3 NONE
52.32973561789349 -12.4 -87.73089220508383 0 1 0 0 3 3 3 NONE
188.1501102863711 -12.4 -72.27886114289626 0 1 0 0 3 3 3 NONE
57.13103717353558 -12.4 -93.25179952421072 0 1 0 0 3 3 3 NONE
183.84820317616138 -12.4 -28.914910114961145 0 1 0 0 3 3 3 NONE
81.78264961612176 -12.4 -61.18192113552914 0 1 0 0 3 3 3 NONE
123.63594013685446 -12.4 -74.96806176041451 0 1 0 0 3 3 3 NONE
27.688804055894778 -12.4 47.10638576885785 0 1 0 0 3 3 3 NONE
166.43247863841663 -12.4 -82.01315768519852 0 1 0 0 3 3 3 NONE
67.1069043878874 -12.4 20.64853897599852 0 1 0 0 3 3 3 NONE
107.05298391352602 -12.4 27.541684593884725 0 1 0 0 3 3 3 NONE
31.182790201371958 -12.4 -37.36325439939465 0 1 0 0 3 3 3 NONE
102.51222594317224 -12.4 -6.862154965754414 0 1 0 0 3 3 3 NONE
27.505431892779498 -12.4 -44.23319029322823 0 1 0 0 3 3 3 NONE
60.24316547478992 -12.4 67.95501666427418 0 1 0 0 3 3 3 NONE
37.47573293587416 -12.4 14.05003277615387 0 1 0 0 3 3 3 NONE
84.96105162500962 -12.4 -80.11828396668528 0 1 0 0 3 3 3 NONE
185.2718826118037 -12.4 -33.327978982907865 0 1 0 0 3 3 3 NONE
5.500978669835832 -12.4 -34.742517434662275 0 1 0 0 3 3 3 NONE
88.17982364543187 -12.4 95.86541751140126 0 1 0 0 3 3 3 NONE
75.2672701672674 -12.4 55.15459897139016 0 1 0 0 3 3 3 NONE
9.902952429531787 -12.4 92.54459354624976 0 1 0 0 3 3 3 NONE
35.50353431232127 -12.4 26.1959840968087 0 1 0 0 3 3 3 NONE
122.75207750788033 -12.4 83.03601469495766 0 1 0 0 3 3 3 NONE
56.681538434048704 -12.4 22.12727703478876 0 1 0 0 3 3 3 NONE
48.08329221768346 -12.4 70.70019626623264 0 1 0 0 3 3 3 NONE
6.133364755233295 -12.4 -36.33271786062322 0 1 0 0 3 3 3 NONE
113.79695633401359 -12.4 78.06226986029318 0 1 0 0 3 3 3 NONE
21.75245813026394 -12.4 -5.343513702004145 0 1 0 0 3 3 3 NONE
52.52772591537684 -12.4 -78.30957109644854 0 1 0 0 3 3 3 NONE
184.60478225690676 -12.4 -98.76412689409146 0 1 0 0 3 3 3 NONE
178.10506619508706 -12.4 36.820394527707236 0 1 0 0 3 3 3 NONE
189.35375026146525 -12.4 -35.53623373416734 0 1 0 0 3 3 3 NONE
6.148812714056073 -12.4 63.7620014177061 0 1 0 0 3 3 3 NONE
72.78421226578955 -12.4 18.70510325144346 0 1 0 0 3 3 3 NONE
119.75312545523835 -12.4 5.13449543374378 0 1 0 0 3 3 3 NONE
139.81544219657997 -12.4 11.441625713249849 0 1 0 0 3 3 3 NONE
21.758089857644535 -12.4 -94.04766768450321 0 1 0 0 3 3 3 NONE
108.97642069596134 -12.4 -67.23476872296408 0 1 0 0 3 3 3 NONE
81.90450237403053 -12.4 63.758119635842775 0 1 0 0 3 3 3 NONE
73.08293924881441 -12.4 -97.26220535188996 0 1 0 0 3 3 3 NONE
110.01262021338837 -12.4 89.5163441269031 0 1 0 0 3 3 3 NONE
161.68606802185482 -12.4 89.24254161178445 0 1 0 0 3 3 3 NONE
